876
606 115
218 620
20 4
346 622
1 4
490 334
333 198
181 79
66 40
118 725
211 782
392 255
778 619
700 31
763 575
291 312
138 111
734 575
295 233
109 221
17 118
692 843
8 650
375 124
16 6
191 8
603 340
269 649
419 585
15 32
265 737
832 662
738 725
406 63
644 272
3 34
291 238
83 474
332 722
323 200
276 627
407 720
7 13
91 76
319 179
784 491
250 294
164 49
105 76
93 407
564 501
111 155
599 642
175 92
436 56
152 404
127 126
621 7
209 716
630 827
43 246
262 277
290 320
313 432
176 85
795 743
2 10
474 633
222 482
205 9
167 155
489 7
287 170
328 797
307 442
346 177
236 416
669 723
629 622
99 38
586 383
435 37
494 107
414 646
66 785
676 433
58 137
543 549
838 463
457 138
243 167
107 100
289 238
351 522
712 241
81 86
500 77
26 133
419 438
249 211
608 671
403 269
3 214
265 226
2 19
439 117
90 140
615 409
8 530
543 80
741 437
42 20
528 834
51 613
790 552
181 445
353 381
297 206
201 559
75 92
209 602
701 101
531 386
235 673
94 426
63 74
639 44
285 707
256 567
868 293
573 20
582 651
143 623
204 88
12 2
545 743
377 129
283 542
29 102
255 835
335 692
19 31
664 420
325 247
49 94
1 37
342 395
261 205
354 69
608 165
475 232
245 128
206 116
55 264
177 397
728 90
283 279
486 464
499 731
657 44
117 83
305 322
126 72
78 875
200 36
455 300
176 224
864 508
89 759
61 8
293 244
852 484
178 210
355 515
744 414
634 714
319 516
228 187
63 59
626 396
204 282
200 855
222 833
612 165
316 590
818 319
1 29
635 560
527 101
413 334
661 749
266 306
6 7
106 157
118 269
370 498
17 154
463 207
75 57
288 636
304 49
532 190
123 141
60 572
382 32
147 153
678 324
638 286
90 299
98 321
426 583
614 384
245 659
36 54
472 218
28 23
10 79
37 235
779 403
18 17
60 59
792 359
52 351
373 247
109 166
215 86
292 447
386 322
331 555
523 246
81 124
48 557
509 869
18 64
209 91
733 349
15 70
133 518
2 17
278 239
251 594
125 53
159 128
755 457
367 841
867 344
553 139
52 111
50 72
610 503
825 140
103 223
49 847
240 43
180 140
255 565
21 48
65 80
189 170
395 607
414 139
171 187
37 65
433 43
391 59
781 388
307 448
552 36
232 226
529 121
307 428
804 703
449 666
98 120
456 79
292 721
713 620
64 93
41 16
862 742
599 461
850 141
298 617
478 548
371 545
96 113
101 76
263 464
198 684
182 821
25 179
132 94
355 517
30 44
310 528
732 703
330 748
297 660
233 182
470 236
367 625
49 161
345 246
335 587
768 740
681 262
245 271
87 753
389 581
157 415
2 1
771 418
125 865
140 219
39 5
628 579
588 141
389 512
653 313
57 481
320 369
196 47
9 349
801 383
443 90
91 170
2 6
89 17
3 53
28 97
13 43
267 686
592 172
528 538
266 388
509 443
520 73
437 563
580 5
53 248
19 24
483 86
751 858
37 69
123 145
170 173
284 251
76 476
112 497
823 608
641 478
619 826
665 115
169 48
586 591
100 99
2 266
60 174
170 216
787 180
69 609
268 174
756 749
156 74
140 201
21 4
8 11
387 249
798 345
43 52
143 425
198 236
427 205
198 185
446 357
412 708
82 479
181 313
372 56
323 408
368 165
820 162
593 382
47 226
171 49
47 15
125 199
262 478
121 7
361 296
285 851
165 688
815 292
234 536
811 469
724 53
77 502
239 513
534 65
293 662
777 288
247 365
427 546
803 474
751 218
453 111
773 584
455 551
809 490
36 3
272 44
541 107
299 679
46 689
374 308
136 452
5 2
229 200
562 238
110 102
126 163
112 95
341 154
783 338
136 227
220 234
584 126
165 164
544 423
409 23
276 175
6 77
566 166
122 318
507 506
157 178
488 193
296 324
59 43
179 634
53 355
767 90
197 363
41 492
379 190
817 719
685 613
396 261
421 715
685 794
417 23
505 42
239 209
547 75
71 286
475 618
402 253
3 22
343 616
195 178
514 199
267 273
258 77
313 805
353 730
229 327
52 220
524 539
444 101
171 338
511 37
188 112
837 12
78 595
310 51
461 87
183 50
863 408
136 359
342 466
560 16
131 211
257 491
709 522
162 632
389 241
156 339
29 71
871 100
308 178
556 389
296 35
285 96
711 556
504 770
224 364
569 677
496 178
434 718
244 813
92 106
136 121
504 306
162 854
85 168
311 273
65 116
786 598
752 208
830 824
690 233
5 84
305 285
836 532
631 355
149 137
2 3
26 15
683 475
128 100
537 185
515 570
135 298
342 158
457 719
313 691
220 568
237 337
831 725
133 540
370 147
359 412
418 122
698 65
194 108
1 8
609 710
604 83
123 63
92 212
776 445
217 158
577 5
476 695
696 633
740 185
387 469
385 185
824 45
774 691
148 50
23 6
158 6
439 597
275 21
687 123
440 735
470 697
222 81
49 7
399 64
54 788
340 380
808 669
746 643
874 539
376 190
345 703
72 356
384 375
547 802
93 473
533 48
726 280
52 317
250 32
255 845
130 139
168 182
366 247
396 510
160 576
80 251
264 793
645 388
643 471
466 694
134 28
144 186
114 92
238 796
329 313
270 574
14 12
860 241
524 46
71 360
390 680
619 335
313 420
194 335
343 246
81 193
727 421
739 103
315 212
248 669
290 654
19 103
122 95
488 736
286 526
780 271
347 143
459 20
263 279
667 451
328 266
96 38
296 423
64 393
859 241
558 441
212 454
141 185
307 600
204 288
51 303
27 45
870 255
301 55
640 377
181 706
32 98
203 76
812 554
775 163
30 13
520 675
575 496
29 434
500 630
203 314
270 419
56 22
172 29
225 53
85 59
425 441
184 156
742 791
745 397
339 458
102 208
466 760
330 410
252 251
60 129
31 50
25 495
290 40
336 16
94 260
231 122
274 16
848 67
202 1
853 157
116 582
348 154
461 579
323 344
270 251
352 8
90 70
233 487
327 668
62 24
315 331
449 87
35 238
132 300
652 633
209 717
176 177
38 32
810 498
497 501
353 460
61 521
95 90
262 233
477 356
6 33
142 75
42 814
26 401
104 92
519 429
5 27
371 304
454 800
164 758
250 757
249 462
40 27
121 465
117 394
141 256
273 637
44 400
429 295
799 36
54 146
9 244
237 163
772 375
398 372
430 83
26 267
51 26
704 302
550 449
162 8
9 499
432 658
183 729
656 224
506 141
55 130
52 535
434 601
421 364
106 405
423 485
362 152
629 682
179 589
37 109
143 26
440 295
255 21
856 79
430 467
39 742
754 517
109 648
46 21
545 596
62 866
125 213
83 58
47 326
270 819
378 119
337 431
484 237
533 554
240 503
663 76
440 611
424 217
21 259
17 82
177 241
123 230
144 674
693 635
35 19
401 437
263 161
116 764
451 8
58 350
53 353
699 448
56 131
135 25
225 471
762 302
761 359
411 218
480 371
214 450
816 79
173 806
7 9
839 815
111 190
57 26
66 68
362 655
119 72
672 170
518 525
330 137
281 102
12 334
120 383
518 598
257 115
795 829
152 1
36 247
197 43
285 468
32 302
67 17
453 840
223 661
807 683
343 367
849 59
52 769
493 202
670 561
571 15
33 76
144 115
846 783
694 844
108 46
569 456
408 578
25 14
45 81
750 266
112 254
214 561
151 139
358 220
822 124
45 340
78 390
115 81
22 309
605 592
624 618
207 206
842 510
705 306
291 357
857 224
16 78
316 4
