834
113 31
559 38
146 132
136 189
3 20
28 18
218 304
158 264
753 454
291 380
97 272
89 10
388 415
80 88
324 216
494 50
31 751
131 414
181 261
666 827
232 271
358 283
556 69
87 398
343 283
736 437
88 429
115 102
51 550
179 201
164 99
145 653
276 111
519 737
260 483
37 198
801 536
386 435
146 416
321 716
191 12
786 142
107 126
126 631
135 156
46 104
171 466
312 678
797 379
300 763
189 834
403 471
621 133
790 771
119 109
296 313
204 20
622 624
54 9
433 303
296 198
808 131
71 178
516 491
154 190
626 121
168 449
671 658
152 39
243 455
44 294
640 211
196 404
706 566
247 646
27 12
818 85
148 604
783 523
143 166
4 323
388 324
815 31
499 342
16 512
256 491
177 93
352 717
15 3
243 18
530 341
49 8
324 825
281 474
19 6
466 762
162 255
496 654
771 257
179 375
785 557
748 18
49 432
62 473
619 333
637 427
6 673
614 457
157 44
426 173
394 590
123 101
381 182
8 106
511 263
241 203
5 668
596 567
311 124
40 70
215 154
495 130
163 327
44 208
608 812
192 226
384 701
399 227
826 509
183 93
97 53
3 4
440 672
658 412
150 465
128 61
459 764
483 489
67 588
39 59
95 766
210 676
408 458
295 207
328 135
652 161
560 10
374 49
598 754
68 722
291 264
231 417
117 53
308 412
51 29
258 107
734 272
831 778
507 593
795 69
88 92
592 520
222 170
441 277
375 462
254 270
348 304
537 135
26 69
266 347
409 78
33 93
308 539
176 279
169 168
261 503
18 78
210 161
30 232
513 788
65 107
819 830
100 105
565 130
331 758
442 123
334 782
424 85
447 37
342 340
781 110
203 349
13 114
288 25
117 319
625 524
218 187
273 28
108 82
28 175
313 627
46 81
635 450
89 134
192 4
181 56
617 235
342 525
609 455
690 347
53 197
537 663
50 540
246 293
138 56
202 195
54 80
387 452
266 66
544 526
185 283
50 34
228 113
167 126
807 252
25 595
727 76
143 557
40 353
200 709
423 437
832 642
3 9
44 670
721 645
297 535
138 629
305 245
3 5
37 618
127 597
43 4
296 392
819 362
29 101
828 593
689 415
245 201
301 115
337 84
401 25
221 171
278 180
1 82
423 303
339 292
749 633
203 384
740 74
523 489
628 638
418 163
451 567
134 187
548 24
335 677
111 510
482 439
438 644
161 350
83 132
199 691
718 779
227 99
353 573
10 12
496 400
136 75
333 90
36 28
770 599
552 789
238 729
382 816
106 524
366 91
427 742
406 188
13 1
75 5
220 263
128 219
112 57
527 44
373 65
325 78
285 110
44 20
121 352
23 553
40 757
620 477
400 823
185 113
346 117
56 236
537 547
368 119
744 199
144 22
594 84
160 123
394 76
569 381
397 532
185 724
256 318
756 310
359 639
515 129
88 363
171 213
230 204
56 493
302 206
178 299
750 814
325 326
180 641
37 15
599 694
49 133
401 407
159 89
126 792
460 561
41 39
3 182
555 424
69 674
165 552
33 62
759 725
55 52
326 634
65 83
154 179
360 12
26 194
587 381
221 396
168 200
216 341
205 207
85 58
629 712
412 427
745 200
581 549
70 139
351 220
522 591
96 68
49 303
211 167
174 88
410 137
647 158
579 401
514 286
616 436
562 610
12 34
11 76
497 234
91 723
373 572
242 87
529 289
60 216
480 446
775 592
444 311
48 25
64 300
346 601
195 752
824 535
29 436
408 30
362 270
274 551
5 68
31 22
471 558
292 262
104 269
397 130
235 60
568 28
3 2
72 48
330 22
214 65
184 115
97 376
129 125
340 387
422 74
684 261
22 9
145 282
457 316
110 38
274 796
161 176
100 61
810 205
261 267
46 25
411 35
778 328
117 708
829 771
217 75
361 257
601 719
309 143
102 41
459 176
111 203
765 308
223 697
391 131
266 484
664 564
208 660
335 134
576 213
29 504
2 6
354 255
543 540
680 630
33 171
78 99
68 402
505 320
665 97
143 115
126 280
507 608
421 502
215 541
713 292
127 389
454 115
17 155
685 641
23 130
761 594
571 384
246 74
79 683
24 6
813 767
396 613
765 787
50 153
676 820
320 8
19 26
369 121
92 774
252 365
596 780
700 564
18 95
212 661
18 12
90 11
165 54
533 746
35 77
476 145
26 71
538 434
435 440
482 675
821 724
86 66
353 421
89 747
390 265
386 221
5 60
70 116
154 124
170 371
236 329
182 286
125 359
237 224
725 51
21 18
715 548
117 250
261 314
186 615
141 140
520 129
50 61
607 515
206 14
161 521
172 147
163 186
534 339
357 242
598 69
175 445
702 582
651 267
649 374
321 574
118 27
38 650
509 110
803 684
269 728
30 274
370 7
239 6
2 7
11 277
253 111
12 430
148 83
77 265
533 75
128 231
492 135
496 784
40 413
377 469
319 710
249 297
315 38
730 47
511 735
142 60
75 196
33 35
468 42
102 249
705 630
536 395
726 454
120 91
69 289
321 185
97 400
479 445
809 332
29 20
388 451
623 614
67 84
563 389
43 161
802 502
163 603
105 478
157 385
87 4
11 16
287 331
260 50
3 223
334 106
822 103
77 425
347 355
478 600
367 2
666 348
636 536
113 312
313 703
393 391
180 90
94 82
105 109
517 386
599 662
718 657
50 74
275 144
776 609
506 339
137 248
600 755
256 168
566 117
572 584
196 741
64 29
51 52
159 259
490 630
262 64
450 513
206 467
585 199
693 252
78 121
167 254
395 386
817 567
771 811
100 317
580 463
463 16
135 212
622 352
599 295
582 12
259 575
699 403
41 158
577 471
103 60
331 477
10 9
679 32
185 340
562 368
65 26
18 45
102 419
226 486
377 443
588 739
85 170
306 178
632 258
450 322
378 564
6 98
18 23
119 162
605 593
341 403
31 131
344 73
767 65
731 12
470 259
336 158
244 108
798 416
307 13
193 431
681 154
806 579
45 220
434 160
150 109
686 472
690 800
224 104
41 720
144 287
5 8
725 733
247 7
82 195
79 63
209 158
103 225
14 9
213 251
103 111
336 487
175 464
518 424
622 804
108 682
201 252
125 6
257 472
73 37
62 127
303 310
750 146
578 345
46 308
365 659
422 611
187 290
63 284
793 196
24 47
2 1
128 199
239 378
166 428
39 37
16 234
73 805
89 546
556 657
178 281
522 411
163 173
125 135
240 144
791 47
42 53
32 56
528 111
11 8
220 345
504 645
545 252
34 382
151 109
490 132
692 662
192 586
24 38
314 485
317 446
473 519
25 13
655 508
507 526
149 17
187 628
284 799
56 453
90 91
84 377
139 233
769 623
687 326
12 32
172 257
59 656
205 105
6 17
238 117
488 285
124 56
163 481
570 143
168 110
628 707
633 524
42 18
366 508
30 1
118 322
188 22
268 196
228 379
538 602
383 65
33 40
531 303
695 313
461 225
332 110
338 28
328 833
704 352
343 583
295 554
57 163
732 478
32 405
507 208
78 420
364 129
599 711
21 316
58 137
2 688
549 525
473 475
643 7
185 738
768 759
18 500
230 612
13 140
171 648
777 564
438 3
589 773
625 642
136 501
147 58
