1 4 
30 4 
67 4 
67 8 
68 6 
69 4 
70 6 
71 4 
84 4 
109 6 
110 4 
135 4 
178 4 
216 4 
223 4 
248 4 
258 8 
259 6 
260 4 
271 4 
305 4 
326 4 
330 4 
339 4 
360 4 
363 4 
394 4 
402 6 
403 4 
414 4 
453 6 
454 4 
468 4 
475 4 
487 12 
488 10 
489 8 
490 6 
491 4 
503 6 
504 4 
511 4 
521 4 
539 4 
555 8 
556 6 
557 4 
570 4 
576 4 
601 6 
602 4 
615 8 
616 6 
617 4 
620 4 
678 4 
702 6 
703 4 
712 4 
725 8 
726 6 
727 4 
734 4 
739 4 
773 4 
774 6 
775 4 
816 4 
833 4 
834 4 
838 4 
839 4 
847 4 
868 4 
872 8 
873 6 
874 4 
880 4 
891 4 
895 4 
895 6 
896 4 
896 6 
897 4 
898 4 
906 4 
945 4 
981 4 
